500 5
侯亮平 0.97474104 1.9982619 -1.055033 -1.0905001 -0.17818768
李达康 0.5872693 1.5908225 -0.75641567 -0.8855022 -0.1239193
高育良 0.57673544 1.2173877 -0.73570573 -0.789072 -0.07859421
祁同伟 0.6427529 1.2555155 -0.6392322 -0.7430729 -0.11378582
蔡成功 0.74798024 1.3942524 -0.6681418 -0.7545819 -0.08025099
沙瑞金 0.5407936 1.2682523 -0.6468334 -0.7218585 -0.014481485
高小琴 0.6423541 1.1412746 -0.7100032 -0.56145054 0.036383454
陆亦可 0.68562746 1.299595 -0.68127495 -0.61970574 -0.043312244
 0.24859117 0.61159134 -0.20795555 -0.27630576 -0.12485631
赵瑞龙 0.4868703 1.2150503 -0.68747413 -0.56395286 -0.027481705
丁义珍 0.5376135 1.3633734 -0.7510517 -0.68435913 -0.12918735
赵东来 0.65748024 1.2571522 -0.6852969 -0.59549564 -0.08051482
陈岩石 0.47396746 0.9043289 -0.55671144 -0.4828437 0.004385638
陈海 0.598975 1.0763286 -0.5987347 -0.6582855 -0.13503164
郑西坡 0.55226266 1.1597028 -0.5499083 -0.62316304 0.038040116
欧阳菁 0.49595815 1.1003712 -0.5190159 -0.5284786 -0.01527442
找 0.5130061 1.0748574 -0.6398682 -0.54301625 -0.002284952
刘新建 0.59628224 1.252739 -0.6877397 -0.7508737 0.021868335
季昌明 0.33694592 0.96883386 -0.48239574 -0.50445294 -0.080997884
说 0.44161463 0.9073993 -0.6078896 -0.62140596 -0.095523074
想 0.4934146 1.0042965 -0.46712458 -0.47316295 -0.06579756
郑乾 0.53296006 1.162808 -0.5662828 -0.68410605 0.052022476
大风厂 0.48351398 0.95430046 -0.45584545 -0.4688285 -0.029289547
做 0.4393819 1.0535902 -0.62101275 -0.52058 -0.12551312
易学习 0.4993454 0.95702356 -0.47799367 -0.65093476 -0.024418255
集 0.02155637 0.27302015 -0.15805097 -0.14524758 -0.067124434
打电话 0.5627708 0.8991536 -0.49373546 -0.44844624 0.033331726
得知 0.523369 1.0535091 -0.44747326 -0.49668345 0.0007464182
告诉 0.40259755 0.9947937 -0.5697365 -0.44379267 -0.017450139
林华华 0.41335532 0.88303995 -0.3939791 -0.4684243 -0.027400712
吴惠芬 0.29821682 0.7659711 -0.48943692 -0.44758418 -0.035997
程度 0.20841193 0.7090003 -0.27550134 -0.32299376 0.026962765
电话 0.41560847 0.8304379 -0.51560414 -0.42331323 0.02276305
汇报 0.4360122 0.7946385 -0.40879706 -0.44303486 -0.058389436
来到 0.29153445 0.8659088 -0.4663741 -0.4444832 0.03959414
干部 0.38271755 1.0498191 -0.48366147 -0.5630885 -0.06859815
田国富 0.2215361 0.5910413 -0.46389776 -0.46096367 -0.09596596
陈清泉 0.53761315 1.1015844 -0.5845171 -0.5033356 0.04537365
两个 0.23387705 0.59587586 -0.3208221 -0.3413415 -0.014689123
工人 0.37337157 0.8632373 -0.38170233 -0.41902438 -0.10813489
赵立春 0.40416732 0.9945923 -0.5154008 -0.5057126 -0.047274653
离开 0.3894822 0.7925076 -0.55228615 -0.53747934 -0.090965
里 0.2816456 0.769912 -0.47802886 -0.4915239 -0.062399983
担心 0.3979335 0.90425205 -0.3989462 -0.49476272 -0.10427955
钟小艾 0.4106418 0.7346447 -0.4557345 -0.31957018 0.032254472
事情 0.45898306 0.88452923 -0.5781143 -0.5333471 -0.050006803
只好 0.2920478 0.67536163 -0.27525944 -0.4383073 -0.055834558
走 0.28668433 0.6754407 -0.24128085 -0.36367166 -0.11118083
照片 0.19237918 0.6564573 -0.34677035 -0.3122543 0.012812365
审讯 0.30878478 0.7411731 -0.47567374 -0.4151367 0.03369679
希望 0.20647894 0.52579033 -0.30842087 -0.3171589 -0.12540232
王大路 0.37147224 1.0395854 -0.4569246 -0.49187306 0.022494216
梁璐 0.38563424 0.7924604 -0.5020347 -0.53465384 0.018027194
举报 0.3772841 0.82251513 -0.5288138 -0.4731249 0.02869862
汉东 0.34703857 0.8391198 -0.34030014 -0.3643024 -0.006527808
事 0.3418388 0.78024685 -0.4837564 -0.5134795 -0.07808408
山水集团 0.36053765 0.9580539 -0.56647277 -0.56169164 -0.13238733
吕梁 0.1864634 0.5141275 -0.25295937 -0.3845847 -0.056273673
劝 0.3045492 0.74539113 -0.43213865 -0.42509943 -0.049915463
发现 0.45848638 0.76405764 -0.49773893 -0.38468993 -0.05305734
俩 0.35092726 0.7312681 -0.3038681 -0.41975427 0.020179862
小皮球 0.24403323 0.69381 -0.3701826 -0.42099738 -0.013106404
赵德汉 0.40556583 0.59904116 -0.43205398 -0.3488783 -0.04204272
工作 0.29411024 0.71931624 -0.41805753 -0.42132556 0.064977005
没想到 0.28849727 0.7030329 -0.36073688 -0.30228305 -0.07540541
周正 0.34811488 0.7191872 -0.42139927 -0.3653913 0.0738384
孙连城 0.20853682 0.6975204 -0.41775742 -0.3197118 0.038477574
回来 0.3403141 0.7022017 -0.35652623 -0.3120883 -0.023003994
听 0.29123226 0.5974758 -0.38178462 -0.28838468 -0.1191662
秘书 0.3361809 0.8457712 -0.46644923 -0.5394632 -0.032700945
　 0.4651259 1.0436811 -0.48029724 -0.5088444 -0.074677445
肖钢玉 0.2587502 0.4006191 -0.16632894 -0.29217607 0.06915007
接到 0.31725433 0.5816169 -0.3680867 -0.29948276 -0.110872336
检察院 0.271235 0.74034166 -0.3771454 -0.49874252 0.013350691
省委 0.2747542 0.7865297 -0.35645062 -0.39345825 -0.031690903
钱 0.42153692 0.8393576 -0.38152233 -0.4557823 0.05128472
指责 0.29834625 0.7563851 -0.45791185 -0.35527334 -0.0027858247
解释 0.38109452 0.79782546 -0.35882327 -0.37689865 0.03833472
这时候 0.13796361 0.54602814 -0.29667103 -0.27688885 0.05984357
怀疑 0.34837946 0.54242444 -0.3512606 -0.35889536 -0.031347584
交代 0.27835265 0.6006239 -0.2949188 -0.44861177 -0.046371553
通知 0.32196966 0.6951038 -0.3537305 -0.3829009 -0.043684512
吕州 0.32493353 0.71320665 -0.45373097 -0.5358078 -0.026128212
家 0.34613422 0.6956483 -0.29846057 -0.36530882 -0.064223126
提醒 0.3134903 0.5752761 -0.3475165 -0.3323268 0.006583431
完 0.3590574 0.6125429 -0.23973164 -0.3291465 0.031051159
警察 0.28555146 0.6487418 -0.3771461 -0.25119665 -0.08994246
股权 0.31762892 0.7920058 -0.4701351 -0.36045918 -0.046466365
职工 0.36283004 0.91480756 -0.51386446 -0.45308962 0.039843407
情况 0.34081918 0.61312455 -0.36691037 -0.38936 -0.051670965
调查 0.22208583 0.49629754 -0.348446 -0.3305273 -0.12607875
京州 0.28973573 0.72013855 -0.39537153 -0.38912237 -0.053772565
安排 0.24818692 0.72966987 -0.29216245 -0.39723045 -0.027589077
事件 0.27827138 0.53673625 -0.35333824 -0.38494545 0.0457224
尤瑞星 0.17105414 0.57640886 -0.23487812 -0.2854727 -0.12026594
称 0.22414844 0.57836145 -0.34068117 -0.27533853 0.048615087
光明 0.33654684 0.4991138 -0.3937267 -0.2796172 -0.031731695
问 0.27242932 0.47937614 -0.20168512 -0.2291874 -0.027778551
讲 0.21232529 0.5304357 -0.19675268 -0.3396796 -0.07760092
有人 0.38977215 0.6935429 -0.38455573 -0.31594694 0.01055001
郑胜利 0.31022057 0.63497525 -0.22179681 -0.25438088 -0.10691161
孩子 0.22772872 0.49529326 -0.24571298 -0.36221644 -0.040468287
校长 0.38342822 0.764862 -0.33116937 -0.33451927 -0.038433094
山水 0.37965083 0.8280462 -0.4001617 -0.34636244 0.07664839
庄园 0.2923855 0.7436814 -0.38810453 -0.37118694 -0.057944864
杜伯仲 0.12818192 0.3487728 -0.2181069 -0.14793622 0.07134717
项目 0.31824702 0.7266986 -0.34687185 -0.4288924 -0.05599662
权利 0.23337604 0.4713086 -0.24666005 -0.26366958 -0.07645325
群众 0.3033736 0.71855366 -0.3998439 -0.3499349 0.01122026
当年 0.17270128 0.52950484 -0.39328492 -0.33462656 -0.040482897
集团 0.39372095 0.8665618 -0.48926356 -0.47862726 -0.12130747
儿子 0.27733466 0.5609113 -0.1720338 -0.23981623 -0.083146505
办公室 0.33930302 0.5416412 -0.19415282 -0.3005577 -0.029516678
大声 0.1253327 0.5587738 -0.25912663 -0.3290305 0.03566826
明白 0.14660993 0.5706725 -0.25667527 -0.17444985 0.0738481
时间 0.27335086 0.58425677 -0.19659144 -0.23288795 -0.081732556
吃 0.34061196 0.6240691 -0.31332502 -0.40164372 -0.0077093537
中 0.30463278 0.56836295 -0.15414324 -0.33157793 -0.042649407
无奈 0.33926225 0.52249354 -0.39016363 -0.28999448 0.04208937
帮 0.2694867 0.66423666 -0.35455638 -0.2849398 -0.12427179
请 0.2914613 0.63408995 -0.31787398 -0.3110426 -0.0019287055
不想 0.25002807 0.44329658 -0.27210462 -0.17281683 -0.00080417027
承认 0.2116934 0.43681926 -0.24072953 -0.31227618 -0.016043676
公司 0.2687931 0.68100005 -0.25551865 -0.37891814 0.07639302
刘 0.46624967 0.8115091 -0.34123263 -0.36239648 -0.09662094
前 0.2757799 0.5934661 -0.31736365 -0.38429022 -0.075869076
抓 0.31785178 0.46541098 -0.32444507 -0.3076799 -0.025222192
嘱咐 0.17076635 0.34590504 -0.24812074 -0.29348597 -0.06684152
威胁 0.2580661 0.6388915 -0.32801145 -0.2976258 -0.0028692107
喜欢 0.25165778 0.46699348 -0.35688362 -0.27733272 0.06751503
银行 0.3303108 0.7248649 -0.4502817 -0.43132293 0.00092797214
真的 0.247321 0.5549258 -0.23742783 -0.1973022 -0.029707909
指出 0.27208287 0.6182667 -0.24980274 -0.27752477 0.045708932
车 0.13403758 0.38631535 -0.26239812 -0.13399953 0.07299442
新 0.2471196 0.57308286 -0.29779202 -0.34585264 -0.0027571113
中央 0.15108569 0.5502168 -0.24734043 -0.18540803 0.03283865
美国 0.3034544 0.52594453 -0.27574018 -0.24234286 -0.036711853
吃饭 0.14183119 0.42643896 -0.2379668 -0.35402277 0.06829849
送 0.21776083 0.45593098 -0.24520297 -0.22184828 -0.041885786
同意 0.12664552 0.3913208 -0.26763695 -0.21185173 0.01054493
关系 0.21348006 0.44737524 -0.202893 -0.1852137 -0.017717198
躲 0.15228106 0.4180475 -0.21841978 -0.23687463 -0.07122173
气得 0.29023802 0.41536495 -0.2783256 -0.22910085 -0.09337468
吴心怡 0.25554353 0.47989452 -0.17618603 -0.1814084 0.05366308
王文革 0.24794027 0.31930974 -0.18942127 -0.25611174 -0.031280067
反贪局 0.31760687 0.46583435 -0.20241319 -0.23817162 0.037296865
查 0.10024023 0.35506374 -0.3233284 -0.28435346 -0.022238467
只得 0.14540184 0.5333884 -0.31457472 -0.3200344 0.016558385
看着 0.16507177 0.5523505 -0.28443965 -0.25542802 -0.09727517
激动 0.13421215 0.43128344 -0.20855555 -0.15014109 -0.007887972
出逃 0.087907255 0.36380103 -0.21064012 -0.092830084 0.03340028
拿出 0.14271554 0.4478708 -0.23682758 -0.29284668 -0.08061501
身上 0.13761032 0.44078758 -0.20500013 -0.2845142 0.037089292
律师 0.16157654 0.45453683 -0.3347324 -0.16259664 -0.06034698
庆祝 0.34404004 0.7677225 -0.31191045 -0.29682824 -0.002284023
一点 0.34107375 0.55094063 -0.27153254 -0.3829614 -0.013118082
命令 0.23848777 0.49561828 -0.27285752 -0.3424463 -0.035022654
答应 0.2161804 0.5208809 -0.3497557 -0.17777981 -0.02047373
找到 0.0999392 0.36607283 -0.30942565 -0.26104605 -0.07175634
贷款 0.3287163 0.4216792 -0.20813507 -0.1580973 -0.058269773
建议 0.23591408 0.38269007 -0.21094793 -0.20016654 0.0657767
离婚 0.10957484 0.37373805 -0.24804735 -0.23439224 -0.025058815
太 0.13547324 0.33563402 -0.2812861 -0.29928175 -0.093553565
依法 0.25377336 0.49367356 -0.29365346 -0.25630763 -0.0649918
年 0.19045773 0.48576874 -0.24850939 -0.2968 0.051449824
死 0.20779808 0.37186053 -0.2797675 -0.25307328 -0.034422915
林城 0.10915775 0.22684379 -0.09753998 -0.19682235 -0.09952728
拆迁 0.15852787 0.4176373 -0.24455789 -0.3401402 -0.057205364
腐败 0.19373696 0.36260203 -0.13078773 -0.17738603 0.03877325
消息 0.12943456 0.25940242 -0.21543577 -0.14663073 -0.06998464
回家 0.2076605 0.40294993 -0.17109065 -0.15902212 -0.11169302
询问 0.27035627 0.52183604 -0.28748924 -0.33787483 0.010212297
开 0.22246362 0.35789704 -0.23540744 -0.18565515 -0.049435973
只能 0.2543731 0.44515592 -0.18667562 -0.21985789 0.025530929
女儿 0.2538444 0.45707634 -0.2450302 -0.33480248 -0.058648515
张宝宝 0.2719843 0.5927997 -0.36545786 -0.19577624 0.059106965
老师 0.25873923 0.54301363 -0.21757492 -0.36188114 -0.024606664
美食城 0.22159529 0.29172435 -0.21329604 -0.19568412 0.08219113
油汽 0.3451584 0.5732258 -0.30506387 -0.28593674 0.0741774
判处 0.22157764 0.3610221 -0.15111494 -0.22480524 -0.083771765
门口 0.110921726 0.48471034 -0.29430774 -0.27232102 0.073585495
会议 0.23220474 0.32473123 -0.24301282 -0.17013074 0.05917901
领导 0.12846187 0.42686734 -0.19483992 -0.2661136 -0.026719416
酒店 0.1832741 0.5053852 -0.28759378 -0.26750797 0.03180645
资料 0.14199015 0.33654904 -0.27660763 -0.18537003 0.011306981
区 0.13504967 0.25759232 -0.18995701 -0.18254587 0.025613531
是因为 0.24599265 0.41257 -0.24699362 -0.16496961 0.060774345
卖 0.24042307 0.26058617 -0.1950008 -0.27558213 0.02654989
劝说 0.10316349 0.358084 -0.20175311 -0.19022097 0.05354334
保护 0.23979607 0.40214077 -0.088162065 -0.19156177 -0.018186446
害怕 0.304319 0.49066558 -0.28822234 -0.3468072 -0.022355529
警车 0.1888797 0.31150618 -0.09523466 -0.17101997 0.07440943
结婚 0.22572131 0.4518506 -0.23586555 -0.1742639 -0.00721846
过桥 0.23752643 0.5591301 -0.22779205 -0.31919578 0.0062016468
二十万 0.16978234 0.44797945 -0.29435903 -0.11689225 -0.021091193
先 0.14272131 0.38869414 -0.21636386 -0.10718314 0.052048992
佩服 0.29857966 0.4872585 -0.15226774 -0.15358537 0.011472415
侯浩然 0.08507006 0.32462215 -0.18361747 -0.20655668 -0.08313313
王 0.245953 0.57177967 -0.32854164 -0.15828034 0.08224833
监督 0.22000471 0.34140477 -0.22487903 -0.1991994 -0.107027486
刘珊 0.24184485 0.5470373 -0.27670115 -0.31915832 -0.096275076
小钱 0.10620321 0.32963398 -0.13365209 -0.1267705 0.03777678
数罪并罚 0.07431286 0.18086834 -0.20554769 -0.23267418 -0.063741595
国家 0.17349306 0.5757841 -0.19192007 -0.368678 0.06140577
副 0.26143694 0.39943624 -0.2861947 -0.27851966 -0.0017922617
家里 0.20161796 0.24990238 -0.13465819 -0.26349562 -0.09339294
逼 0.1567785 0.34384847 -0.245776 -0.26419604 -0.053118307
埋怨 0.15241802 0.24443658 -0.20299865 -0.13176923 -0.11220927
书记 0.08768357 0.43136716 -0.27446905 -0.2572074 0.010020135
地称 0.19936126 0.5234886 -0.27589518 -0.1914742 -0.08145995
拆 0.10677023 0.39528552 -0.093276635 -0.2333931 -0.07582836
假装 0.0881609 0.29688907 -0.124415375 -0.110213734 -0.070955865
派 0.20170985 0.42183527 -0.2686248 -0.22113208 0.026192835
司机 0.07599972 0.26105294 -0.07016325 -0.21080293 -0.105517045
请求 0.16985951 0.30810863 -0.18914616 -0.23208731 -0.010998183
现场 0.15014619 0.41537905 -0.11698491 -0.16438454 -0.080721185
做好 0.048663862 0.2568213 -0.17348695 -0.19556342 0.025173731
正 0.16106993 0.23520854 -0.070148215 -0.23795535 -0.05088796
政府 0.12182586 0.44114858 -0.25782195 -0.14852549 -0.0705359
记得 0.058742855 0.2957867 -0.16178392 -0.03749778 -0.057841536
提出 0.10149214 0.26545733 -0.21373661 -0.14183092 0.015596624
回去 0.2440469 0.4101585 -0.15897092 -0.15151139 0.008527784
开心 0.18192962 0.33602723 -0.26606467 -0.19084458 0.06596809
老百姓 0.044079866 0.28459725 -0.15960923 -0.08763526 0.085723214
不到 0.2245242 0.38766444 -0.25099212 -0.23341076 -0.07021691
做出 0.17271265 0.34444377 -0.19503249 -0.25651255 -0.09227175
组织 0.12034562 0.28365505 -0.20309184 -0.1772682 0.08584414
学校 0.09891515 0.42846847 -0.29237872 -0.24697353 -0.0065738168
推荐 0.115506 0.3110673 -0.09021778 -0.2320481 0.048170667
讲述 0.1390006 0.2510449 -0.10973587 -0.23300642 -0.02745902
很快 0.22422004 0.2592125 -0.0899819 -0.19071268 -0.04627299
接受 0.24760057 0.32841468 -0.16656512 -0.12476107 0.009943422
搜查 0.14001434 0.19205561 -0.18231057 -0.12020953 -0.050219618
汉东省 0.16024673 0.35484058 -0.23128206 -0.15952009 0.035944533
涉嫌 0.22560373 0.34750637 -0.29043803 -0.21281202 0.07207272
局长 0.17887977 0.3298346 -0.2178241 -0.21008725 -0.09469606
配合 0.15579498 0.24619944 -0.20259011 -0.10735567 -0.059596993
银行卡 0.085645 0.31488076 -0.14433514 -0.1355483 -0.025372447
回 0.22122829 0.25935918 -0.11304036 -0.052217588 -0.011994434
机场 0.108968996 0.1631198 -0.03060421 -0.10294305 -0.08458448
跑 0.1338163 0.33296672 -0.20999175 -0.20497121 0.045346558
诬陷 0.063512705 0.16641763 -0.14972419 -0.089757405 -0.034425907
面对 0.11904405 0.3670486 -0.123256996 -0.14587606 -0.032195207
说起 0.09868131 0.18894583 -0.19255088 -0.121027164 -0.018764976
赶忙 0.07149124 0.37358737 -0.16779259 -0.23580496 -0.028821576
接 0.08124482 0.34350857 -0.26182956 -0.21287256 -0.07279302
长 0.24570994 0.4067129 -0.21710481 -0.101568684 -0.02204216
夸 0.12318809 0.16901754 -0.08504623 -0.17537777 0.04699396
医院 0.17311905 0.28822416 -0.14903545 -0.23931596 -0.082444385
车祸 0.06323911 0.32534632 -0.2094908 -0.10734783 -0.10918102
老人 0.03871925 0.21638574 -0.11783728 -0.1673679 0.036188137
线索 -0.0037816898 0.14955449 -0.14332789 -0.18959849 -0.025303187
办法 0.20503993 0.35615107 -0.20254794 -0.11452281 -0.022128107
特意 0.22548641 0.39434698 -0.17607178 -0.19972906 0.016655719
市局 0.18957849 0.2393525 -0.13355628 -0.20939337 -0.010091763
不许 0.1261443 0.21148041 -0.07935884 -0.24948376 0.071612254
负责 0.14670874 0.33550152 -0.20837067 -0.17801091 -0.042752095
资金 0.21912463 0.3563189 -0.14780155 -0.111143336 -0.013957276
谈话 0.09914364 0.26390982 -0.19879961 -0.21956974 0.034768287
信访办 0.02421685 0.28622386 -0.07465458 -0.14040728 -0.08620218
杏枝 0.02353494 0.25935167 -0.07010782 -0.1671255 0.05489904
坚信 0.15418117 0.17637117 -0.020350728 -0.17135277 0.020933982
陈群芳 0.062331982 0.17993425 -0.19426978 -0.040864237 -0.026124187
警告 0.06347314 0.31813458 -0.13361904 -0.051867947 0.020110719
这件 0.120920874 0.40721706 -0.14654861 -0.20433287 -0.034887426
救 0.18777497 0.18948996 -0.10004286 -0.19227031 -0.01359011
清白 0.2373508 0.39283234 -0.10620808 -0.099080786 -0.115208685
毛娅 0.091475986 0.34005925 -0.30275914 -0.1681178 0.027031654
魏彩霞 0.16553354 0.42621788 -0.15921955 -0.13328747 0.008803317
花斑虎 0.16915414 0.3530015 -0.18669969 -0.116873875 0.036220033
香港 0.056425586 0.20471315 -0.18518932 -0.094790034 -0.025196662
懒政 0.1154713 0.32589567 -0.19707306 -0.22883677 0.08262774
有期徒刑 0.04764719 0.23380664 -0.1052834 -0.13245833 -0.10567436
市长 0.20228879 0.23304942 -0.10407073 -0.22412807 -0.061089844
不让 0.18397117 0.25409627 -0.06742011 -0.11617641 -0.08551688
逃跑 0.029263014 0.15427656 -0.08978569 -0.05725908 -0.02899028
北京 0.193578 0.18258524 -0.10129037 -0.15272877 -0.10079749
抓捕 0.046538 0.09547701 -0.07515264 0.010765871 0.09044145
回答 0.054354064 0.14172176 -0.17077212 -0.06631281 0.015938878
严厉 0.0073086573 0.23272757 -0.09788192 -0.029638812 -0.103422806
勾结 0.07360143 0.17071173 -0.16962303 -0.1315811 0.039419815
写 0.11345455 0.14928588 -0.025566068 -0.052057743 0.024832442
笑 0.18257271 0.35712835 -0.10078409 -0.11210537 0.07672509
父亲 0.09099498 0.24706963 -0.13589045 -0.21680969 0.03162386
肯定 -0.0034497073 0.24211434 -0.20493189 -0.064438425 0.037313253
解决 0.15918726 0.2860692 -0.04784929 -0.2104283 -0.02451244
骗 0.13265443 0.25420806 -0.020543013 -0.13612188 -0.06424066
临走 0.10929299 0.27090728 -0.15608048 -0.13715634 -0.057320934
见到 0.056651954 0.1692648 -0.032562234 -0.12560883 0.047413614
利用 0.08023223 0.34060264 -0.2087287 -0.25279084 0.044596385
真相 0.1548984 0.14453667 -0.17159341 -0.16685697 0.053748887
案子 0.09377397 0.1537654 -0.19206765 -0.09727707 0.005061681
贪腐 0.14054677 0.27298382 -0.20241244 -0.1867498 0.078241445
三人 0.099051744 0.24735849 -0.1452826 -0.09322771 0.05001794
话 2.2443477e-05 0.12298741 -0.027894117 -0.07182234 0.0031190885
省委书记 0.09985533 0.17721717 -0.24464393 -0.09636685 -0.038912673
反腐 0.19826165 0.16108906 -0.17240666 -0.13174665 0.067361735
手机 0.09387884 0.3862512 -0.0925847 -0.09456579 -0.10600936
早 0.020859888 0.27133352 -0.11241722 -0.0821836 -0.078174196
影响 0.18861377 0.30904818 -0.15360123 -0.18566908 -0.014942983
面前 0.20357789 0.29772583 -0.17852561 -0.04077582 0.07961035
城市 0.1548985 0.2716744 -0.24707063 -0.28237644 -0.010128993
奔驰车 0.052044407 0.22772066 -0.09488116 -0.197114 -0.014069902
想到 0.13833758 0.28552726 -0.21922557 -0.14980006 -0.014416974
理解 0.18009755 0.26384223 -0.15262677 -0.22143345 -0.10621842
不好 0.03398126 0.16986108 -0.16408668 -0.15081614 -0.054697353
款 0.2886987 0.4275873 -0.21005169 -0.2153181 -0.06355172
政治 0.10744568 0.4027787 -0.100521356 -0.21881442 -0.023183735
有没有 0.17946689 0.46622667 -0.15219948 -0.16799301 0.031216085
没收 0.14782688 0.22895539 -0.04432777 -0.20580558 0.08476718
提议 0.10435865 0.2515396 -0.13229339 -0.19051126 0.072315805
早就 0.2133274 0.38371727 -0.10352736 -0.22122554 -0.0115461815
岩台 0.1722327 0.09666291 -0.10522038 -0.058566697 -0.09788508
京州市 0.012222251 0.27073058 -0.026137099 -0.20166628 -0.08349943
小时 0.10422707 0.14066337 -0.09744883 -0.15689825 -0.10891614
时 0.054099802 0.15997876 -0.08469977 -0.15560353 0.0793948
峰 0.14455862 0.19681716 -0.07235573 -0.13462904 0.03152057
讨论 0.05895597 0.08857578 -0.08976264 -0.17564723 -0.108224235
房间 0.028239705 0.19309707 -0.100347735 -0.034812555 -0.0044448967
洛杉矶 0.16782591 0.26471794 -0.15054923 -0.046211623 0.033769593
办案 -0.002421042 0.076784104 -0.13762005 -0.09770573 0.013651056
意识 0.012938414 0.18303005 -0.21639167 -0.11305938 0.056999493
出事 0.13937138 0.17673796 -0.0075684134 -0.14270191 -0.07470724
追问 0.047858104 0.32882255 -0.08210109 -0.102960035 -0.075068444
案件 0.06742946 0.0845927 0.019396737 0.0045698923 -0.017029114
结束 0.1931723 0.28643465 -0.18457903 -0.1327961 -0.083837844
纪委书记 0.14742844 0.1764803 -0.11447138 -0.09240926 0.011885188
生气 0.102094255 0.21923128 -0.15015444 -0.14103198 0.08362954
常成虎 0.004196016 0.17415458 -0.07054767 -0.20350745 0.020586703
股份 0.12860192 0.14933488 -0.21763095 -0.029009586 -0.10482162
抵押 0.05461486 0.18807308 -0.08198731 -0.21546423 0.0721305
感谢 0.18330488 0.16305628 -0.19339603 -0.011804788 -0.07248158
法律 0.117816955 0.1645034 -0.0045640976 -0.12063501 0.091241516
早点 0.09750641 0.3037326 -0.07373373 -0.09572748 -0.10911808
一张 0.07458636 0.15771258 -0.027809897 -0.023099657 -0.037037764
说完 0.12892593 0.16286792 -0.13581999 -0.13730714 -0.053442698
一场 0.01586923 0.16949107 -0.007635291 -0.14318308 -0.06421801
老婆 0.17459595 0.27649125 -0.1120115 -0.09392258 0.0619596
买 0.19103144 0.35573936 -0.095057584 -0.08362408 -0.018352028
保证 -0.005881708 0.23398416 -0.092310585 -0.05852607 0.038271792
对不起 0.02386418 0.19205786 -0.09298615 -0.18704979 0.0031295544
党和人民 0.07856963 0.08104402 -0.09960378 -0.027882824 -0.100522
办 0.16452004 0.2056151 -0.16524613 -0.1405831 0.045371365
队长 0.061123423 0.08969554 -0.18549016 -0.072139926 -0.06112169
搞 0.08302683 0.22890554 -0.13482475 -0.16031522 -0.06320423
落实 0.10962931 0.13570215 -0.009261529 -0.17898923 -0.05268182
这是 0.16882092 0.24362485 -0.17051314 -0.14989328 -0.0590775
高利贷 0.08644631 0.15843686 -0.14189593 -0.044946834 0.0041967668
月 0.041892298 0.31379122 -0.06783989 -0.18118706 -0.013348276
放弃 0.15753566 0.23726052 -0.21588995 -0.22017422 -0.004753988
告 0.16209577 0.2948413 -0.051609535 -0.10648131 0.004533959
路上 0.17199585 0.3514321 -0.06740649 -0.11715552 -0.07209854
批评 0.15987305 0.21286751 -0.07228323 -0.104758985 -0.038552582
一份 0.06866039 0.19070812 -0.13982897 -0.03809935 0.04662443
成 0.12947167 0.17882092 -0.1863052 -0.21358645 -0.065485395
咬牙切齿 0.12306013 0.29704303 -0.057080436 -0.14956288 0.04161375
女人 0.17192529 0.18454611 -0.118215546 -0.13636282 0.051150132
烟 0.018192943 0.19722442 -0.03581426 -0.21459746 -0.09939084
唱 0.022917189 0.13462964 -0.10247774 -0.07351565 0.027723825
听说 0.172183 0.30361924 -0.08077424 -0.15517129 0.06120087
假 0.058557883 0.18859373 -0.017510178 -0.061404496 -0.091889344
股金 0.061739963 0.3466959 -0.15760662 -0.08834011 -0.08953202
万 0.18779121 0.35161492 -0.096381284 -0.20947927 -0.026976395
吴心仪 0.0815141 0.28347543 -0.2109456 -0.12306988 0.021112055
考察 0.09345366 0.305207 -0.14088921 -0.16197446 0.051266417
学生 0.017012522 0.19075224 -0.09014193 -0.20588772 0.08216195
声称 0.08795773 0.28068256 -0.09455331 -0.19115545 0.02579797
再也 0.14113452 0.1673685 -0.065370746 -0.1484717 0.03649615
妹妹 0.18654175 0.275533 -0.101354636 -0.05353192 -0.0063036387
留在 0.058671393 0.20937446 -0.11567074 -0.23521821 0.0064905207
中国 0.1544756 0.2936501 -0.08428756 -0.15036158 0.014987744
招生 0.10156361 0.33693483 -0.20581697 -0.22839238 0.04975642
口口声声 0.18142709 0.3198505 -0.0321757 -0.20511077 -0.04895098
财产 0.066190094 0.18128791 0.004941591 -0.120068654 -0.006259295
法院 0.13566558 0.2717061 -0.17700641 -0.13059393 -0.014375488
终于 0.07667119 0.28295702 -0.16384396 -0.10664958 0.032428715
嫖娼 0.103969686 0.26055977 -0.14028376 -0.09562952 -0.050083723
钱队长 0.19002552 0.23276383 -0.16830982 -0.16656736 0.069560386
爱 0.21633214 0.33198842 -0.22088446 -0.22397304 0.036213756
巡视组 0.047674753 0.11567073 -0.021022573 -0.14944994 -0.064596415
月牙湖 0.030624859 0.29897398 -0.14914446 -0.23206164 -0.020585246
任何人 0.15720335 0.34862572 -0.09897756 -0.22803523 0.00016650533
生活 0.15397996 0.2920989 -0.17523685 -0.18834299 0.0148952715
机会 -0.021034807 0.079770304 -0.101514176 -0.07801338 -0.04721115
停职 0.08312825 0.06828473 -0.10027994 -0.010868736 0.027686378
丁秀萍 0.075016595 0.1695522 -0.049876172 0.011395708 0.08523787
直升机 0.00047094835 0.1325688 -0.13254207 -0.04942078 0.06633837
前往 0.11630514 0.21894269 -0.16612846 -0.013035939 -0.004415514
参加 0.17023131 0.19524942 -0.1715547 -0.13144808 -0.09976627
手续 0.011089952 0.2521904 -0.16103745 -0.0075081987 -0.0235239
顺利 -0.0028276858 0.13321641 -0.09662805 -0.19561534 -0.047232013
盯 0.13946757 0.22965188 -0.16285414 -0.054188825 -0.04980879
不见 0.010454309 0.08956967 -0.038252775 -0.0004470155 0.06306453
一步 0.1392322 0.30651647 -0.23348552 -0.22579409 0.04482363
此事 -0.021947937 0.061184987 -0.070864 -0.04452554 -0.068732806
一脸 -0.0072473222 0.08132717 -0.069997735 -0.04137611 -0.08662396
命 0.14406991 0.11575247 -0.046539374 -0.11772295 0.009909035
期间 0.1676784 0.2744383 -0.04153031 -0.1428353 -0.07924171
开发区 0.10480651 0.28008342 -0.07464003 -0.07754122 -0.106050566
回到 0.12597366 0.18637106 -0.02792469 -0.109070376 -0.015563156
责任 0.13875854 0.19532879 -0.15401107 0.015167451 0.093592905
说话 0.15449122 0.090411276 -0.16939043 -0.16972862 0.057917375
眼看 0.08705923 0.2265788 -0.13719851 -0.12429239 -0.069775514
陪 -0.0086993715 0.28052348 -0.09122808 -0.08080995 -0.06992827
欠 0.124956116 0.11724959 -0.18786298 -0.0113922 -0.08467219
忙 0.14662316 0.08706801 -0.13173786 -0.055163924 0.032585
站 0.1498377 0.21955787 -0.04736161 -0.04451902 0.043725245
报告 0.09894789 0.11626164 0.017088989 -0.011923547 0.021210691
严查 0.07494966 0.18352623 -0.1640637 -0.052135985 -0.017320013
包括 0.06501707 0.24842902 -0.20586528 -0.07060906 -0.08940587
意见 0.09680304 0.20038423 -0.12395017 -0.05702892 0.07840823
一再 0.16150679 0.20390226 -0.06571848 -0.18244582 0.054057453
上访 0.07851282 0.27859506 -0.13260055 -0.03275841 0.038336597
承诺 -0.001113966 0.09828893 -0.118348666 -0.14390533 0.039243717
不停 0.15639122 0.22849432 -0.1648101 -0.0547578 -0.075258546
视频 0.016582921 0.3121938 -0.23051335 -0.14996265 -0.051230453
会计 0.04930553 0.22184612 -0.13799472 -0.13645978 -0.071149796
委屈 0.12041418 0.23186919 -0.051989164 -0.1472731 0.022895657
打断 0.10644283 0.09445884 -0.0017434175 -0.13474154 0.08311813
局面 0.13321199 0.24259059 -0.06987922 -0.040356338 0.04604328
英雄 -0.0031220617 0.1895279 -0.14534491 -0.024161346 -0.02825778
学习 -0.055288862 0.10114416 -0.11099403 -0.14447637 -0.0012188345
控制 -0.032125913 0.1284178 -0.012693264 0.020901704 -0.084043585
交给 0.13567136 0.119847976 -0.0520546 -0.1333435 -0.028198563
放 0.008468902 0.16142349 -0.14385219 -0.14545341 0.013353818
安置 0.033654466 0.26243326 -0.15515494 0.00290207 0.087314755
秦思远 0.023819989 0.19395468 -0.004273733 -0.099177405 0.03394612
饭后 0.17029649 0.1613002 0.0026118418 -0.14896111 -0.09010687
衣服 0.19813322 0.26137522 -0.15500745 -0.06554614 -0.07621814
深深 0.19733067 0.24156187 -0.0415621 -0.07681793 -0.09163242
代表 0.13337944 0.12103338 -0.027015466 -0.17880704 -0.08787559
教育 0.064043395 0.22614834 -0.0021592937 -0.113123626 0.03574298
党 0.05672351 0.21448365 -0.14508218 -0.1088954 -0.074631825
进 0.10750071 0.25767678 -0.19040939 -0.12429639 0.022420397
无关 0.07341205 0.22207159 -0.14733288 -0.08055123 0.080383055
那天 0.15822296 0.26989233 -0.08426747 -0.19335155 0.02472178
省厅 -0.0016362926 0.23128112 -0.16299972 -0.103586294 0.017249417
车厂 0.09597369 0.27432746 -0.07507141 -0.028801328 0.027727444
分局 0.15837926 0.22309698 -0.1498678 -0.17204586 0.07334278
发生 0.14261836 0.12886065 -0.20476103 -0.18031646 -0.042306397
常委会 0.14503367 0.18618754 -0.07817469 -0.05584956 -0.08406323
好好 0.11076213 0.26724142 -0.075372 -0.08044118 -0.014053021
事实 0.14917798 0.24015673 -0.03831819 -0.16532415 -0.060909126
市委书记 0.16233234 0.2239979 -0.14614025 -0.056007646 0.080315895
带走 0.15041575 0.09297432 -0.057979554 -0.09398401 -0.07716086
被捕 0.054593265 0.12801038 0.015892461 -0.092723824 -0.06311108
指示 0.1021311 0.1140405 -0.14193758 -0.11218539 -0.08208944
朋友 0.1409238 0.23476437 -0.17116296 -0.09318875 -0.08828237
入股 0.09828522 0.14077915 -0.0903384 -0.10582623 0.033312358
证据 0.09545296 0.13159803 -0.00538694 -0.11480248 0.038971044
早已 0.045659352 0.11570423 -0.0745874 -0.11898159 0.057800204
反复 0.16523068 0.24572425 -0.09054305 -0.14982617 -0.031781454
监视 0.023580357 0.15128903 -0.15350607 -0.1673905 -0.091628104
麻烦 0.21541238 0.16567764 -0.20737384 -0.14420985 0.07282008
智斗 0.065024234 0.16762617 -0.09072572 -0.016271774 -0.040084533
口供 0.018894708 0.17261964 0.00949107 -0.064900056 0.058109753
收到 0.12940253 0.17834662 -0.112939596 -0.06888156 0.018760076
拿到 0.13344233 0.20387056 -0.11530816 -0.18921451 0.013914786
想要 0.0050644996 0.21768808 -0.031667456 -0.15965758 -0.07797284
一听 0.042237945 0.20613956 -0.2047021 -0.19395566 0.06427772
能力 0.06328636 0.29850474 -0.1722886 -0.1561952 -0.047102835
卡 0.053823125 0.07249144 -0.09773621 -0.14649141 -0.040669926
旧金山 0.056068715 0.28431 -0.071041256 -0.07505981 -0.035201468
帮忙 0.12250381 0.10486546 -0.01579239 -0.10392413 0.07445208
18 0.08034369 0.15973298 -0.04958291 -0.06056118 -0.0823641
一共 0.12711778 0.29295227 -0.039053544 -0.21837185 -0.038075577
感觉 0.04096173 0.21323177 -0.06547098 -0.10405155 -0.028366674
抓走 0.004376077 0.2506802 -0.035762038 -0.10153255 -0.059046365
出国 0.19749452 0.19798465 -0.15544008 -0.1878335 0.03573235
纪委 0.1502588 0.13449848 -0.11610061 -0.10526497 0.073590994
亿 0.24455898 0.36071908 -0.12618726 -0.17211612 -0.07707771
绑架 0.0819186 0.21614838 -0.14746216 -0.14485765 0.07915988
火冒三丈 0.1596863 0.129908 -0.030443404 -0.08780606 -0.039936386
死亡 0.10648803 0.21799114 -0.034197714 -0.13040555 0.08220043
非洲 0.20633434 0.30274737 -0.15255179 -0.097362354 -0.008691795
想起 0.11666265 0.29542738 -0.1396001 -0.14287217 -0.03549845
孙海平 0.0599253 0.2619219 -0.089426205 -0.10288732 -0.035917092
分 0.17203604 0.1185961 -0.071152814 -0.14958365 -0.086661
喝 0.123592146 0.19174913 -0.058671802 -0.11348366 0.017967341
听到 0.013855988 0.19084086 -0.13490486 -0.14777921 -0.023061669
笑话 -0.013440692 0.2519994 -0.14536342 -0.09475051 0.032038078
半子 -0.0074511934 0.14148816 -0.14140029 -0.05944509 0.054117464
眼前 0.09602704 0.021027327 -0.008935654 -0.06265242 0.043160353
同志 0.121789254 0.115076914 -0.12643372 -0.08287588 0.04435968
一生 0.09083125 0.11180106 -0.1448796 -0.042849768 -0.028680455
人生 0.18133815 0.28582254 -0.09532475 -0.09738158 -0.0535919
利息 0.22179188 0.34629604 -0.12498581 -0.10245702 -0.023536129
钱秘书长 0.16772524 0.1073812 -0.17177615 -0.14122085 -0.08382694
利剑 0.13261352 0.047753174 -0.03771218 -0.13911949 0.010154088
鸿门宴 0.14276393 0.035772413 0.0019753552 -0.024389494 0.035662528
王经理 0.06216002 0.19531518 -0.13182926 -0.03593993 0.030076254
犯 0.06932405 0.2113667 -0.060456693 -0.039041944 0.05094412
狙击手 0.07753298 0.21814686 -0.0372366 -0.037085995 -0.073134616
船上 0.0076250536 0.13500917 -0.09107537 -0.06605012 -0.07371398
干 0.15539467 0.08996929 -0.10362878 -0.14968884 -0.087838136
芳芳 0.09948621 0.3510703 -0.21604685 -0.16272503 -0.0925624
审查 0.14532301 0.12739718 -0.017315922 -0.03849187 -0.08500301
电视 0.02263904 0.12416288 -0.13553284 -0.01483763 -0.07539348
高小凤 -0.0070370496 0.081264555 -0.16004941 -0.054681886 -0.045884725
上帝 0.10189928 0.23733917 -0.03310589 -0.18229955 -0.064258374
