500 5
侯亮平 -0.39139438 0.9818272 -0.39835364 -2.7606254 0.16360337
李达康 -0.2520778 0.6708201 -0.2996427 -2.1714878 0.025649304
高育良 -0.2632748 0.57148767 -0.2039763 -1.9245758 0.12582108
祁同伟 -0.19013065 0.61481315 -0.3694381 -1.7340423 0.0141608175
蔡成功 -0.1801878 0.7059965 -0.4147481 -2.163896 -0.012529363
沙瑞金 -0.15172786 0.6926536 -0.26862556 -1.7556314 0.0053396705
高小琴 -0.1279074 0.51201296 -0.33503583 -1.6766527 0.11016926
陆亦可 -0.21664204 0.64473647 -0.21730082 -1.8992691 -0.024195816
 -0.060325243 0.21427818 -0.15245579 -0.828976 0.037298396
赵瑞龙 -0.20407577 0.6075844 -0.14730678 -1.5544567 0.08914614
丁义珍 -0.18232326 0.629997 -0.18327926 -1.8655118 0.018942429
赵东来 -0.17253512 0.5326023 -0.20737094 -1.8134979 -0.004547792
陈岩石 -0.19427401 0.564297 -0.18442103 -1.3488182 0.12204753
陈海 -0.18369599 0.54338783 -0.23155227 -1.6285537 0.04698936
郑西坡 -0.22567478 0.45967638 -0.2805862 -1.5858941 0.0150525775
欧阳菁 -0.25354233 0.5457258 -0.33499363 -1.5239513 0.00093414815
找 -0.21663032 0.51463413 -0.16418628 -1.5030094 0.03282272
刘新建 -0.24736616 0.48032358 -0.31422207 -1.6250263 0.02958514
季昌明 -0.21676078 0.5605182 -0.14880982 -1.3073791 0.049368545
说 -0.1368671 0.47261983 -0.11651743 -1.380321 0.08865023
想 -0.13231006 0.59272134 -0.26501572 -1.4659992 0.0144453
郑乾 -0.21450365 0.5179627 -0.24042562 -1.7149844 0.085204184
大风厂 -0.11346354 0.44740632 -0.30718315 -1.4884475 -0.013409544
做 -0.23074758 0.55570453 -0.28656512 -1.5846047 0.1390041
易学习 -0.10166668 0.54087704 -0.21763732 -1.5430367 0.109735206
集 -0.13593729 0.09595552 -0.09629645 -0.4512285 0.043507263
打电话 -0.053291526 0.5814272 -0.22947694 -1.381483 0.10639134
得知 -0.09558959 0.43222678 -0.18262321 -1.4535847 0.008407059
告诉 -0.1856975 0.4260045 -0.30150935 -1.3311622 0.10843707
林华华 -0.14764689 0.34776455 -0.1681316 -1.2235296 0.13176475
吴惠芬 -0.040689625 0.45023414 -0.20761846 -1.294297 -0.01755785
程度 -0.023635084 0.38536942 -0.11520323 -0.95840037 -0.0053802896
电话 -0.070271045 0.4581584 -0.25621733 -1.2716628 0.035508525
汇报 -0.18817183 0.30925572 -0.21126485 -1.1707168 -0.04902112
来到 -0.19415823 0.40370417 -0.16484366 -1.1774192 -0.04467204
干部 -0.19796595 0.51708126 -0.14873876 -1.46238 -0.0453646
田国富 -0.17691796 0.44429794 -0.1008223 -1.1318467 0.047239143
陈清泉 -0.19065128 0.4966555 -0.2527126 -1.3609439 0.061351873
两个 -0.006927551 0.21264008 -0.2311064 -1.0090224 -0.03411203
工人 -0.037815947 0.4651747 -0.10523092 -1.3241929 0.04433038
赵立春 -0.1467483 0.52703094 -0.17728527 -1.379797 -0.022221861
离开 -0.18166599 0.5334994 -0.121380344 -1.1947621 0.0060819606
里 -0.056888305 0.43335685 -0.20550841 -1.1946573 0.08348582
担心 -0.11339249 0.32742321 -0.25941613 -1.1238747 0.009251433
钟小艾 -0.17692153 0.45142382 -0.19243906 -1.0733143 0.011487093
事情 -0.23584032 0.55580086 -0.20500544 -1.3399895 -0.048957583
只好 -0.061964985 0.3096842 -0.17036784 -0.99783075 0.025667738
走 -0.0066856164 0.38027567 -0.22130783 -0.9177474 -0.011293582
照片 -0.19493842 0.43432984 -0.21671759 -1.0132325 -0.009496917
审讯 -0.20221034 0.35819986 -0.08058201 -1.0413368 0.022709282
希望 -0.032126233 0.2287835 -0.13222389 -0.76472384 0.112648934
王大路 -0.11134615 0.43159774 -0.20758307 -1.290309 0.1250961
梁璐 -0.1747948 0.3839084 -0.18149428 -1.2987278 0.07343987
举报 -0.18199715 0.47666276 -0.20753083 -1.2546518 -0.03372086
汉东 -0.17138827 0.45603204 -0.13902071 -1.1827346 -0.064261414
事 -0.15701109 0.4844363 -0.27339977 -1.1780738 0.028792134
山水集团 -0.120555915 0.50150585 -0.28013515 -1.413722 0.12452887
吕梁 -0.089289054 0.22042437 -0.10904683 -0.81591886 0.085804924
劝 -0.11364689 0.3612086 -0.21027462 -0.9510128 0.10002342
发现 -0.13659598 0.5214867 -0.18579832 -1.1894398 0.046138972
俩 -0.16314593 0.4141969 -0.22873294 -0.9894713 0.098790556
小皮球 -0.19836272 0.24458782 -0.25875935 -1.0715703 -0.0039177765
赵德汉 -0.09838298 0.3479449 -0.19296247 -1.0881715 0.117259294
工作 -0.09097955 0.44823804 -0.23165958 -1.0939709 0.011660187
没想到 -0.026615484 0.27461368 -0.17711852 -0.98305935 -0.03310335
周正 -0.011406538 0.39720455 -0.19116576 -1.0883254 0.018532407
孙连城 -0.1477112 0.41835254 -0.16559479 -1.0445099 0.1145942
回来 -0.067137025 0.40913138 -0.093620844 -1.0426363 0.016332459
听 -0.030993974 0.24802443 -0.2069268 -0.80278134 0.09303437
秘书 -0.14558485 0.44104144 -0.12750897 -1.250856 -0.031565145
　 -0.21686204 0.5524886 -0.10983629 -1.3336778 0.02417279
肖钢玉 -0.04810277 0.25344 -0.16491595 -0.7179266 -0.025356269
接到 -0.08005643 0.41467437 -0.18295404 -0.9356735 0.1263145
检察院 -0.16700779 0.45081782 -0.25709662 -1.1922182 0.08546371
省委 -0.08538594 0.4091872 -0.09823732 -1.1157767 0.024307203
钱 -0.0839245 0.39467278 -0.13612123 -1.1709921 0.11897294
指责 -0.07865675 0.3418925 -0.087168075 -1.0391685 0.032940827
解释 -0.025346981 0.28372768 -0.21719031 -1.1112493 -0.052651413
这时候 -0.063351475 0.19117633 -0.16542333 -0.7619571 0.051216055
怀疑 -0.09851745 0.36594588 -0.105394386 -0.80881006 -0.00895442
交代 -0.028758463 0.43680686 -0.07080957 -0.91875625 -0.0494284
通知 -0.035859942 0.26865938 -0.16797964 -0.9892298 0.10119304
吕州 -0.06112824 0.46764162 -0.17332663 -1.1957241 -0.00795627
家 -0.12873785 0.27698144 -0.19191134 -0.91083676 0.018617315
提醒 -0.0011990153 0.30999666 -0.027783146 -0.8690784 -0.030072954
完 -0.0886868 0.20838518 -0.18326552 -0.8481371 -0.03577864
警察 -0.039356187 0.31462842 -0.11554292 -0.9956347 0.030778369
股权 -0.011046139 0.26927423 -0.1281538 -0.97804415 -0.04705171
职工 -0.14348793 0.4841902 -0.11294491 -1.2843201 0.019681476
情况 -0.021755641 0.35145235 -0.10160764 -1.0968268 0.077341385
调查 -0.13458623 0.3495797 -0.19002613 -0.9628748 0.113601856
京州 -0.15570912 0.30501387 -0.08607397 -1.0799962 0.10944178
安排 -0.15199603 0.25558063 -0.2321963 -0.91467834 0.12647113
事件 -0.1431302 0.28646982 -0.10869175 -0.81925946 -0.020085596
尤瑞星 -0.049881 0.3194029 -0.2302944 -0.9875218 -0.075882696
称 -0.10266051 0.36525846 -0.13709675 -0.77512795 0.037903886
光明 -0.086740315 0.38064557 -0.21546754 -0.878635 0.07115026
问 -0.1436736 0.25341186 -0.031900875 -0.6526395 -0.072513655
讲 -0.06910836 0.21412355 -0.19583756 -0.7859972 0.08678123
有人 -0.10636124 0.2443848 -0.14719786 -1.0583587 0.08113377
郑胜利 -0.16864729 0.28424203 -0.2293516 -0.77716154 0.08186179
孩子 -0.0889711 0.27663627 -0.14970502 -0.8084536 -0.0130173145
校长 -0.18618359 0.42393774 -0.14220832 -1.0509584 0.06969002
山水 -0.10257596 0.3296682 -0.16003902 -1.1194463 -0.037092548
庄园 -0.18874797 0.47394612 -0.18279414 -1.0264186 0.028946063
杜伯仲 -0.11684847 0.14257462 -0.100283265 -0.6995484 -0.014868391
项目 -0.15542741 0.27824122 -0.08362559 -1.0586517 0.06662616
权利 -0.13069706 0.259555 -0.1466815 -0.68103194 0.003669736
群众 -0.14813477 0.30536428 -0.23461865 -0.91918147 0.09900242
当年 -0.08092322 0.28271836 -0.21479827 -0.89041275 -0.007537159
集团 -0.028653517 0.31901687 -0.15741667 -1.0974007 0.11636405
儿子 -0.122468404 0.3353765 -0.06998163 -0.7190768 -0.0031448817
办公室 -0.17736317 0.1982736 -0.15729487 -0.8727901 -0.03475565
大声 -0.03135571 0.25629187 -0.09110843 -0.70434827 0.110817395
明白 -0.018943917 0.15173325 -0.1552665 -0.6912803 0.06981439
时间 -0.15293957 0.2765859 -0.19729547 -0.8820949 -0.04807482
吃 -0.018257394 0.2820241 -0.22327952 -0.82978487 -0.031144954
中 -0.10844641 0.31387264 -0.0862559 -0.7615669 0.001080787
无奈 -0.15404448 0.3429295 -0.20335357 -0.8596771 0.08565984
帮 -0.078299284 0.29692218 -0.23145038 -0.84823614 -0.03607876
请 -0.009848891 0.37229863 -0.14584696 -0.89867973 -0.06996356
不想 -0.07210857 0.21643373 -0.12244549 -0.81749165 0.050607756
承认 -0.18025479 0.25411108 -0.182438 -0.83856887 0.11466744
公司 -0.031523846 0.34417987 -0.23603061 -0.8649157 0.0240573
刘 -0.07944264 0.41508198 -0.17234191 -1.0977333 0.106340066
前 -0.0825331 0.31613532 -0.19909602 -0.8702009 0.10856591
抓 -0.01558692 0.2427973 -0.046655584 -0.76044035 -0.03186906
嘱咐 -0.026919154 0.15267272 -6.41981e-05 -0.64834464 -0.025598165
威胁 -0.08138302 0.36332363 -0.057712525 -0.75718623 0.0355646
喜欢 -0.15829618 0.3498799 -0.20413086 -0.687961 -0.07587983
银行 -0.023005765 0.32894164 -0.06529053 -1.095302 0.012094787
真的 -0.114528865 0.30985725 -0.15007772 -0.71207285 0.07883602
指出 -0.1053135 0.17914537 -0.083082505 -0.77025205 0.049225073
车 -0.024662709 0.18569216 -0.034188863 -0.64354503 -0.08024444
新 -0.06787202 0.36103678 -0.07177729 -0.80312353 0.00057511503
中央 -0.11692997 0.16045798 -0.07471096 -0.66289437 0.057229653
美国 -0.02204793 0.24179637 -0.055163067 -0.71097475 0.04620634
吃饭 -0.0898017 0.32144192 -0.124660775 -0.7193972 -0.00127769
送 -0.054539032 0.19024763 -0.054895952 -0.64152133 -0.029185291
同意 -0.10306908 0.25337544 -0.035811435 -0.61600626 -0.01672909
关系 -0.0948112 0.16587614 -0.059685778 -0.6217333 0.0058771158
躲 -0.042447034 0.24438567 -0.00031378103 -0.57098025 -0.0540899
气得 -0.05361726 0.21037804 -0.18344179 -0.68267167 0.06478189
吴心怡 -0.047937628 0.31122288 -0.05529131 -0.6834972 -0.06781046
王文革 -0.032649532 0.2593397 -0.09883848 -0.7014137 0.09718845
反贪局 -0.15243974 0.35231033 -0.08591711 -0.8515556 0.084976606
查 -0.010664012 0.22428258 -0.11208208 -0.66175634 -0.0026228277
只得 -0.028821785 0.16587073 -0.063895844 -0.5853482 0.11406965
看着 -0.0669154 0.17523935 -0.026145628 -0.66100276 -0.0158435
激动 -0.12864187 0.12756471 -0.152479 -0.6649595 0.08758391
出逃 -0.0898842 0.23858838 -0.15267296 -0.43816736 0.014098778
拿出 -0.14733765 0.13018739 -0.08780711 -0.7428515 0.068924144
身上 -0.09645148 0.16359533 -0.078420304 -0.60594213 -0.07088744
律师 -0.01504148 0.26066396 -0.17820483 -0.76769066 0.07480498
庆祝 -0.033983003 0.3577992 -0.22173575 -1.0142661 -0.042960905
一点 -0.17339313 0.18055107 -0.059151508 -0.8408736 -0.07621463
命令 -0.13312142 0.19816421 -0.027360268 -0.75054204 0.033357117
答应 -0.14461999 0.30519032 -0.10048723 -0.7025753 0.07220108
找到 -0.120985754 0.30915838 -0.15748958 -0.7058662 -0.055394445
贷款 0.0064105676 0.28208643 -0.12563562 -0.7341009 0.0027895237
建议 0.04343366 0.26959884 -0.115466684 -0.5199536 -0.07353776
离婚 -0.024123432 0.13792783 -0.008059729 -0.5730265 -0.03872908
太 -0.11061646 0.24243772 -0.04845422 -0.6387416 -0.0686945
依法 0.011734783 0.27784657 -0.093634866 -0.72670466 0.123440936
年 -0.034513988 0.28920326 -0.07212412 -0.7610251 0.11986157
死 -0.08836379 0.21193649 -0.14601417 -0.6023157 -0.011699843
林城 -0.12011578 0.2123124 -0.11723113 -0.50306815 -0.061889824
拆迁 -0.062305707 0.1734583 -0.0714795 -0.6354444 -0.039133646
腐败 -0.09274662 0.26850778 -0.031549364 -0.54026175 0.024046319
消息 -0.09163732 0.15711854 -0.019999556 -0.40531564 0.034400184
回家 -0.0099936 0.24872224 -0.15123908 -0.602574 -0.08578605
询问 0.0053276992 0.23790197 -0.13435519 -0.7331617 -0.018229773
开 -0.018434908 0.2970909 -0.08128819 -0.68478936 -0.002303755
只能 0.009487818 0.13470447 -0.10310795 -0.58408815 -0.06869977
女儿 -0.05592738 0.18417513 -0.043213412 -0.6783687 -0.05779753
张宝宝 -0.12580667 0.19550544 -0.06728063 -0.67616856 0.09709686
老师 -0.17463121 0.25376484 -0.16625848 -0.75003874 0.068829425
美食城 -0.048765197 0.1851783 -0.020298155 -0.42808157 0.06099953
油汽 -0.11693929 0.33170608 -0.1204092 -0.7504474 -0.06225936
判处 -0.049709585 0.1757883 -0.12365267 -0.59096575 0.112839535
门口 -0.13627735 0.28614306 -0.026139587 -0.52887213 0.091364175
会议 -0.07562717 0.2303061 -0.04814561 -0.57695085 0.045288526
领导 -0.048239853 0.18708804 -0.05852566 -0.5405477 -0.04169453
酒店 -0.030205011 0.22172968 -0.1261772 -0.589892 0.071308106
资料 0.030380903 0.16415396 -0.035197668 -0.45288453 -0.046995975
区 -0.1442019 0.20051324 -0.058437284 -0.564157 0.03150544
是因为 -0.12353627 0.16089618 -0.13500603 -0.6312167 0.008530126
卖 -0.022568433 0.18106389 -0.10763552 -0.5891967 -0.049968246
劝说 -0.07806334 0.24280396 -0.068391494 -0.4585186 0.079725266
保护 -0.09849112 0.25070405 -0.07436639 -0.50585973 0.031867128
害怕 -0.0572632 0.19140796 -0.15603624 -0.8145942 0.11141653
警车 0.019093154 0.21460792 -0.08215646 -0.5101927 0.015319231
结婚 -0.05894752 0.26516312 -0.13258311 -0.55349237 -0.045319244
过桥 -0.08203947 0.3496137 -0.093324244 -0.89881724 0.0022847133
二十万 -0.034609236 0.22054584 -0.0025948903 -0.48866308 -0.00053992984
先 -0.042680524 0.08470606 -0.08472879 -0.5026036 -0.04834157
佩服 -0.07314542 0.18183242 -0.12296562 -0.65049314 0.108682394
侯浩然 -0.011329368 0.23286365 -0.02737056 -0.5778933 -0.004381727
王 -0.12063791 0.2830155 -0.197327 -0.6683351 0.021370351
监督 -0.13521104 0.2799684 -0.073674604 -0.42300245 -0.020957211
刘珊 -0.16761506 0.22308409 -0.16329409 -0.8567883 -0.053456467
小钱 -0.09103147 0.14984217 -0.13396879 -0.45077878 -0.05761568
数罪并罚 0.0074511035 0.2114156 0.007029459 -0.3573114 0.08240881
国家 -0.07227713 0.22716227 -0.03576677 -0.74770314 0.1154116
副 -0.011232533 0.13204005 -0.12970643 -0.48547348 0.043292947
家里 -0.05479638 0.12268876 -0.0029141416 -0.39942965 0.050669905
逼 0.04637706 0.12022677 -0.1495775 -0.44645604 -0.034946714
埋怨 -0.0886872 0.090289 -0.008878152 -0.43361434 -0.0777006
书记 0.009640837 0.24309689 -0.09618959 -0.5132609 0.040068466
地称 -0.15273356 0.19665556 -0.15221503 -0.61125505 -0.0348598
拆 0.041460294 0.119231455 -0.12300273 -0.42456016 -0.020298852
假装 -0.10226658 0.17783093 -0.08089027 -0.4919274 0.060273703
派 0.0009646724 0.20410866 -0.05972609 -0.5359484 -0.06469467
司机 -0.030183163 0.14184336 -0.061226748 -0.3553553 0.05799088
请求 0.04079297 0.24757636 -0.15884346 -0.4233124 0.0010671461
现场 0.0225178 0.22304499 -0.17032638 -0.4631626 0.012956024
做好 -0.10946366 0.052389365 -0.049417723 -0.38349062 0.08493184
正 -0.09488043 0.1982192 -0.10194923 -0.51260775 -0.044481836
政府 0.007815911 0.24943727 -0.08060988 -0.59107274 0.04078485
记得 -0.068506375 0.09942903 -0.043837246 -0.37615362 0.08734802
提出 -0.06903903 0.1504551 -0.06023747 -0.39593565 -0.010058247
回去 -0.12099875 0.21175167 -0.0085046785 -0.47979748 0.008450877
开心 -0.0667759 0.08590638 -0.10333262 -0.5831235 -0.015031627
老百姓 0.032042004 0.08600273 0.011879147 -0.40856805 0.021921448
不到 -0.115616895 0.23681776 -0.09175791 -0.5552016 0.06499403
做出 -0.116090365 0.2575589 -0.06858499 -0.5331861 -0.018493243
组织 -0.12622528 0.082952745 0.003591381 -0.3474252 -0.011356363
学校 -0.072353676 0.10725469 -0.15004078 -0.5292859 0.054017328
推荐 -0.0740571 0.13557084 -0.041171234 -0.38080308 0.059608296
讲述 0.011594103 0.10251783 -0.15914224 -0.4181456 0.065550834
很快 -0.09236644 0.09746324 -0.07401521 -0.48662996 -0.06681196
接受 -0.14216277 0.1919822 9.84935e-05 -0.5834884 -0.032097396
搜查 0.04724424 0.04867221 -0.027720371 -0.29498824 0.010939242
汉东省 -0.049259942 0.20588067 -0.025370926 -0.43919748 0.0740142
涉嫌 -0.14244275 0.24905494 -0.029269256 -0.5454922 -0.006780054
局长 -0.035406455 0.11163109 -0.024118144 -0.4083825 -0.009467114
配合 -0.09333699 0.06303248 0.009913259 -0.33617532 -0.02272824
银行卡 0.032389723 0.08463364 -0.00776859 -0.49337065 0.09307437
回 -0.062181544 0.15045612 0.018461289 -0.36852753 0.053514097
机场 -0.050242223 0.13600501 -0.13827774 -0.43142933 -0.06282109
跑 -0.0426358 0.18992075 -0.07346266 -0.5794065 0.079307534
诬陷 0.013709873 0.067145914 0.005953571 -0.31492522 0.09098214
面对 0.014843692 0.19768998 -0.13198347 -0.4348246 0.057092912
说起 0.045291074 0.14271528 0.022110732 -0.3272338 0.02661635
赶忙 0.019039935 0.21052781 -0.011796283 -0.44885927 0.106483325
接 -0.031851098 0.2182532 -0.034979537 -0.43959188 0.04805378
长 -0.1507381 0.14565937 -0.0028757933 -0.58285093 0.1051042
夸 0.062105093 0.0359438 -0.036451314 -0.3026704 -0.017790865
医院 0.028463123 0.04415691 -0.14549242 -0.42067888 0.075741544
车祸 -0.009518167 0.16099432 -0.13608372 -0.41014364 0.0034508503
老人 -0.029711613 0.1656634 -0.053511642 -0.3899836 0.047989298
线索 -0.019699518 0.044725653 -0.031127408 -0.23235855 -0.05036947
办法 -0.06917544 0.16288824 -0.05150209 -0.5533079 0.09161567
特意 0.010368157 0.21370918 -0.16750446 -0.48221427 0.08783694
市局 -0.08810419 0.14972031 -0.0071516535 -0.3592515 -0.056802716
不许 -0.12530573 0.22504516 -0.12959282 -0.49197698 0.011070138
负责 -0.053782772 0.20740429 -0.12540379 -0.43323243 -0.043431662
资金 -0.09241817 0.16879766 -0.07269662 -0.54610425 -0.028448379
谈话 -0.0658581 0.17253266 -0.056362834 -0.39077976 0.08619818
信访办 -0.104760386 0.20294507 0.021080613 -0.35528487 0.023026962
杏枝 -0.04669829 0.18060908 -0.016473347 -0.32015914 0.02876465
坚信 -0.05504705 0.047514614 -0.1189404 -0.17963825 0.05026703
陈群芳 -0.06251378 0.21445389 -0.021067958 -0.37274098 -0.05830567
警告 -0.005574166 0.0671627 0.018426562 -0.3125469 -0.038326778
这件 -0.06474331 0.077942684 0.006586945 -0.48644617 -0.0845741
救 -0.14345263 0.19572747 -0.1459707 -0.48357704 0.06626168
清白 -0.03820609 0.21294887 0.017936494 -0.41342366 0.031974122
毛娅 -0.013570543 0.13770528 -0.03224738 -0.56428194 0.08611461
魏彩霞 -0.01700665 0.098657615 -0.13405056 -0.42935258 -0.0011217099
花斑虎 -0.04097878 0.1421695 -0.10035006 -0.48091954 0.014159516
香港 0.039729897 0.115124084 -0.119066164 -0.44146883 0.04137202
懒政 -0.09935565 0.08478443 -0.07885573 -0.5196566 0.016143823
有期徒刑 -0.11500058 0.25342292 -0.022926189 -0.46097222 -0.058033567
市长 -0.044578146 0.21289174 -0.11101788 -0.41460785 0.04895204
不让 -0.022748072 0.09706403 -0.07660567 -0.47788417 -0.020182475
逃跑 -0.1039103 0.09556014 -0.08646688 -0.3084234 -0.050386522
北京 -0.007297876 0.13379887 -0.062070064 -0.41712195 -0.010184025
抓捕 -0.030407924 0.10128269 0.06479382 -0.15389292 0.107298374
回答 0.011873949 0.15150958 -0.08755461 -0.30484736 0.09746817
严厉 -0.09791897 0.026221959 -0.006301482 -0.30879337 -0.054567736
勾结 -0.11496469 0.0182408 0.0034640946 -0.30260807 0.03143438
写 0.057748165 0.02813455 -0.13419798 -0.36756945 -0.036443
笑 -0.102471665 0.08347743 0.022400599 -0.43170506 0.016371807
父亲 -0.061614897 0.12043291 -0.00829046 -0.43990546 -0.031184435
肯定 -0.05252909 0.06874473 -0.12770098 -0.36981747 0.0751525
解决 0.042956743 0.22895011 -0.0838424 -0.33719265 0.07923428
骗 -0.08154576 0.029576793 -0.025543725 -0.22342707 0.10564118
临走 0.016334955 0.1412473 -0.12655634 -0.34781036 0.03487685
见到 0.01695348 0.15493377 -0.11639568 -0.43669087 0.061659295
利用 0.027829498 0.09325912 0.007964906 -0.49502873 -0.04389124
真相 0.05883039 0.104207784 0.019581031 -0.23461244 0.020448186
案子 -0.108125255 0.050012603 -0.07873405 -0.2459064 -0.04265557
贪腐 -0.09735188 0.061657235 -0.008686341 -0.46432367 0.092606865
三人 0.015932621 0.013668554 0.0009500612 -0.24591742 0.059538934
话 0.046221495 0.09633531 0.015164819 -0.18016392 0.09803631
省委书记 -0.05127027 0.051201403 -0.043093417 -0.42358467 0.028927539
反腐 0.005348631 0.121653624 -0.04089969 -0.37119818 0.090728074
手机 0.0011325423 0.12354656 -0.09313708 -0.5631501 -0.03170805
早 -0.04446083 0.07459524 0.04294148 -0.20011017 0.057302874
影响 0.05718131 0.066574745 0.019717276 -0.28814092 0.06717666
面前 -0.12525146 0.10358011 -0.0018764983 -0.4024454 0.05124471
城市 -0.12294212 0.20506965 0.014796541 -0.5606884 0.047360666
奔驰车 -0.06795123 0.12575254 -0.029839212 -0.40335375 0.091276065
想到 0.020818032 0.03927461 -0.117020376 -0.3135198 0.09961733
理解 -0.05897509 0.114810854 0.024324436 -0.4206097 0.013344563
不好 0.042127937 0.17732958 -0.104302 -0.42039216 -0.05883716
款 -0.11685478 0.28465426 -0.17669787 -0.6707956 -0.029081656
政治 -0.056379132 0.2230144 -0.092233285 -0.5826167 0.024107663
有没有 -0.083930634 0.26009297 -0.017175032 -0.6084987 -0.06948791
没收 -0.08947692 0.17729065 -0.02580441 -0.3767438 -0.08214682
提议 -0.016565043 0.08897019 -0.014129136 -0.3193275 0.056145538
早就 -0.07113958 0.098393574 0.0024190408 -0.3296015 0.09710571
岩台 -0.084980026 0.187219 0.018278325 -0.38178447 0.062005613
京州市 -0.1307052 0.060513455 0.026834773 -0.26907998 -0.06886563
小时 -0.013466676 0.020823335 -0.010111913 -0.14008318 -0.026205683
时 0.0695108 0.034399815 -0.085447036 -0.19936728 0.042113505
峰 0.047764428 0.21212332 -0.08311026 -0.32702482 -0.026056554
讨论 -0.11106065 0.01065476 0.027982967 -0.29846108 -0.062408566
房间 -0.085970655 0.04740766 -0.08748459 -0.2998323 0.012887437
洛杉矶 0.010861405 0.058740854 -0.13130152 -0.35877135 0.05796708
办案 -0.014118692 -0.0018772004 -0.13318889 -0.21919502 -0.016277246
意识 -0.019419953 0.018961282 -0.07150081 -0.37134922 0.079404265
出事 0.039996974 0.049887665 0.0073993728 -0.26136637 -0.054462325
追问 -0.12107189 0.13933897 -0.06789871 -0.36434686 0.07290243
案件 0.022132175 0.013450487 -0.056237925 -0.1541626 0.07404719
结束 0.012102583 0.024362769 -0.092651814 -0.41842803 0.003531767
纪委书记 -0.086874 0.05428186 0.021003632 -0.3466208 -0.07258117
生气 -0.10130199 0.13767025 -0.099855945 -0.3192306 -0.04037459
常成虎 -0.074764304 0.041489612 0.031226126 -0.3510542 -0.08341201
股份 -0.0707166 0.13549422 -0.11983854 -0.41769752 -0.058863316
抵押 0.068404466 0.08160927 0.010959601 -0.25680068 0.089649044
感谢 -0.03151035 0.03578698 -0.04583106 -0.357217 0.09224989
法律 -0.05409638 0.097830325 -0.13626724 -0.1705113 0.059879187
早点 0.03323882 0.21935253 -0.040136922 -0.3716493 0.056833383
一张 -0.084836535 0.18274899 -0.10962165 -0.36467198 -0.03712617
说完 0.0037055032 0.003007228 0.031127127 -0.21120144 -0.08419055
一场 0.05224208 0.040226612 0.03331155 -0.21615684 0.076912746
老婆 0.014436301 0.18684253 -0.090295 -0.3814646 0.0026663844
买 -4.83083e-05 0.062217537 -0.032068778 -0.50797445 -0.032448616
保证 -0.026873903 0.068777196 -0.070054494 -0.38413292 -0.0066775605
对不起 -0.08758716 0.047756363 -0.034927055 -0.33754393 0.039210863
党和人民 -0.0010299266 0.053270206 -0.03934996 -0.27437744 -0.052792378
办 -0.06681406 0.04624646 0.03587948 -0.33057538 0.03758086
队长 -0.047963846 0.02890454 -0.1395611 -0.37123507 0.100660406
搞 -0.011919421 0.10839855 -0.13042141 -0.23186721 0.074275
落实 0.055002432 0.10250176 0.050808314 -0.33972418 -0.025907092
这是 0.017817257 0.15063336 0.004684411 -0.40825242 -0.052166007
高利贷 0.0024352544 0.08266684 -0.14879853 -0.37294903 -0.07027408
月 -0.1184383 0.099046 -0.10748399 -0.42900693 0.07999053
放弃 0.043470014 0.122434326 -0.055769067 -0.32365137 0.09891994
告 0.05341943 0.092483364 -0.12327836 -0.3296063 -0.00011524602
路上 0.057235677 0.150536 -0.11338192 -0.38238746 0.07221596
批评 -0.099849835 0.1288734 -0.083231874 -0.39344513 -0.02875688
一份 0.017843327 0.04387503 -0.09272867 -0.30141634 -0.05277752
成 0.029254911 0.056099974 -0.1461585 -0.39867225 0.01985716
咬牙切齿 -0.027360346 0.076269485 -0.119080156 -0.30662444 0.019136691
女人 -0.12579945 0.22329092 -0.09263093 -0.45128715 0.081821285
烟 -0.10345831 0.12161369 -0.1124261 -0.36735252 -0.02792696
唱 -0.013481474 0.18187426 -0.08410363 -0.39939973 -0.02836214
听说 -0.056768116 0.1375534 -0.10601969 -0.33880857 0.10506451
假 -0.037112106 0.11197703 0.010203542 -0.24417193 -0.031289518
股金 -0.13136144 0.16412261 -0.14813617 -0.49106777 0.028478531
万 -0.130469 0.14337133 0.00869817 -0.41016188 0.08334018
吴心仪 0.011936524 0.13080277 -0.08990331 -0.4345799 0.04337965
考察 -0.030075626 0.17617136 -0.14307275 -0.27943173 -0.011692787
学生 -0.07806305 0.011745944 -0.020308696 -0.36956736 0.031336445
声称 -0.04414351 0.14088795 0.007847426 -0.41195336 -0.03481659
再也 0.04712023 0.015506888 -0.021374142 -0.2565358 -0.04140832
妹妹 0.058140025 0.18976541 -0.121799424 -0.26397106 0.035178136
留在 0.049688414 0.067305684 -0.12982486 -0.3568131 -0.07178965
中国 -0.012564959 0.16215949 0.041782726 -0.35930726 -0.009081185
招生 -0.08615935 0.18680955 -0.07724759 -0.6311449 0.10614233
口口声声 0.05659003 0.169638 -0.10139163 -0.2994315 0.0038928494
财产 -0.063676886 0.015479398 -0.09758921 -0.33437097 -0.040266722
法院 -0.07473284 0.14632457 -0.0275507 -0.29938787 -0.02523368
终于 -0.024520349 0.16772436 -0.1283748 -0.26293942 -0.0028045496
嫖娼 -0.099205896 0.15754776 -0.08185314 -0.44973072 -0.0005541594
钱队长 0.049536962 0.10095427 -0.12615065 -0.50264704 -0.03004105
爱 -0.0019674536 0.20314433 -0.06340157 -0.4289632 0.09152487
巡视组 -0.03155205 0.058827963 -0.0053819506 -0.3303762 -0.01805479
月牙湖 -0.13056505 0.21420208 0.009927412 -0.42413205 -0.08374769
任何人 0.035824396 0.16986613 0.03121069 -0.3412272 0.10045987
生活 -0.11370062 0.20693293 -0.01861725 -0.42811155 0.06793653
机会 0.047115512 0.066433616 -0.08282686 -0.22643885 -0.07135672
停职 0.026898742 -0.0031994178 -0.07027544 -0.14431296 -0.024039937
丁秀萍 0.06933647 0.07988854 -0.00014903334 -0.22118793 0.094243154
直升机 -0.048100755 -0.009744093 0.051438514 -0.22955377 -0.07015539
前往 0.06274237 -0.0036935478 -0.062186513 -0.3330472 0.10058731
参加 -0.047957364 0.18310174 -0.09057186 -0.40781677 -0.07788622
手续 0.048887327 0.11461499 0.04991296 -0.21581672 0.099896245
顺利 -0.012775469 0.18704179 0.0065223575 -0.30277514 -0.029919857
盯 -0.12149551 -0.005290828 0.0386616 -0.32955503 -0.04463028
不见 0.07191258 -0.028148932 -0.077009514 -0.15439078 0.044252653
一步 -0.091769576 0.116316125 -0.15008904 -0.42162797 0.0517754
此事 -0.02119509 0.050675165 -0.009171736 -0.21285994 0.09518252
一脸 -0.079361364 0.051712513 -0.0012970817 -0.13578348 0.017337004
命 -0.011850088 0.050208658 0.041114554 -0.2607287 -0.054140978
期间 -0.058590796 0.09983988 -0.034008797 -0.34266785 0.033013366
开发区 0.052562006 0.16378045 0.028773416 -0.29457936 -0.07055678
回到 -0.0429412 0.09862294 -0.12576053 -0.1969236 -0.041613664
责任 -0.045274325 0.07162555 -0.026066838 -0.263216 0.028429868
说话 0.029477308 0.14141284 -0.13978292 -0.18901777 0.07180375
眼看 0.02201791 0.07393969 -0.035996452 -0.29734606 0.0008123612
陪 0.0055701267 0.17752795 -0.057983074 -0.3395959 0.08488557
欠 0.0391091 0.102559395 -0.05435559 -0.18317512 0.061426762
忙 -0.029116606 -0.0063153994 -0.07844126 -0.12489157 0.1072966
站 0.013794185 0.005801081 0.054539245 -0.21882854 0.007130627
报告 -0.055905063 0.012196127 -0.016376046 -0.23498723 -0.09151175
严查 -0.093282856 0.05117665 -0.09892518 -0.18413188 0.10486316
包括 -0.11824222 0.14274661 0.014867199 -0.4100156 -0.051158495
意见 -0.050573207 0.049471527 0.040985066 -0.22451578 0.020730022
一再 0.031536624 0.14078641 -0.10654999 -0.30184275 0.038709424
上访 0.029665543 0.14396608 0.03790432 -0.21640085 -0.050775416
承诺 0.025127467 0.03314049 0.0706887 -0.07401997 -0.042584594
不停 -0.108653136 0.14874186 -0.0850665 -0.19773374 -0.07367112
视频 0.028643921 0.109240316 -0.14901769 -0.45234844 0.014356152
会计 0.026460592 0.1257414 -9.650912e-05 -0.16083905 -0.075581476
委屈 0.017767895 0.049664658 0.047350865 -0.21263139 -0.025575655
打断 0.0040804907 0.14146703 -0.0730133 -0.14860605 0.039795637
局面 -0.03252701 0.10531896 -0.091157556 -0.31569666 0.08445783
英雄 -0.032735612 0.025506133 0.034183476 -0.27230465 -0.053968847
学习 0.03986729 0.060409386 0.06562741 -0.07013806 0.086129874
控制 0.04212861 -0.0121351965 0.04011034 -0.31633607 0.08634206
交给 0.07557142 0.10793689 -0.042360168 -0.23924252 0.059471067
放 -0.07367623 0.17073561 -0.033614267 -0.29240444 0.028731631
安置 -0.1155689 0.087464795 0.0052723438 -0.29334596 0.05001711
秦思远 -0.110593915 0.00808047 0.042473424 -0.22673723 -0.03677343
饭后 -0.053607862 0.011008611 -0.008207073 -0.18921348 0.07612276
衣服 -0.07075118 0.17389953 0.030405547 -0.40398404 0.11268208
深深 -0.06662579 0.12388226 -0.083751574 -0.21570894 0.018407412
代表 -0.017418401 0.09965341 -0.040555228 -0.31186244 -0.0833604
教育 -0.069160976 0.0537123 0.051256243 -0.30584794 -0.07688029
党 -0.037832953 -0.021260772 0.047255658 -0.12312833 -0.017152363
进 0.041366965 0.02180128 -0.12854092 -0.26811072 0.0011580486
无关 0.01623724 0.033974014 -0.00761443 -0.36589843 0.08976729
那天 -0.057563722 0.1634675 -0.13201526 -0.38629785 0.020624569
省厅 0.01500299 0.100995734 -0.026324369 -0.32535064 0.050165493
车厂 -0.10756995 0.17420733 0.016571177 -0.35736808 -0.04261228
分局 -0.046157405 0.11565144 -0.14141499 -0.32861477 0.04965468
发生 -0.07644106 0.12840047 0.012243689 -0.39735633 -0.024457347
常委会 -0.079939805 0.030110672 -0.07572081 -0.21319143 -0.069204666
好好 0.03235585 0.078221336 0.023624321 -0.25661695 0.059806146
事实 -0.10333582 0.18056196 -0.06693649 -0.28106245 -0.05244541
市委书记 -0.06844471 0.102393955 -0.08120341 -0.21713705 0.058505103
带走 -0.008997065 0.0832068 -0.009294441 -0.13141693 0.06713464
被捕 0.04656509 0.09783647 0.055577498 -0.19485974 -0.0118307965
指示 0.04724779 0.12671499 -0.10816515 -0.24096195 0.07447676
朋友 -0.042475145 0.0068254936 -0.05672949 -0.35863948 -0.06870733
入股 0.063367575 0.18951045 -0.11329918 -0.41241696 -0.07669605
证据 0.023971774 0.10920241 -0.0741607 -0.31397343 0.08694054
早已 -0.05267411 0.070538715 -0.014658067 -0.14492044 0.05823166
反复 -0.044306595 0.08809106 0.045407847 -0.24721836 0.07043414
监视 0.031193223 0.1365776 0.019343141 -0.16151746 -0.06360323
麻烦 -0.021449711 0.14665046 -0.003993504 -0.30894148 0.040104944
智斗 0.0064766365 0.06287556 0.032634623 -0.32785553 -0.014191206
口供 -0.112547584 0.027852882 -0.03726943 -0.30272314 -0.041311268
收到 -0.018334799 0.016222408 0.021134883 -0.2800668 -0.027670868
拿到 -0.068786874 0.16008165 -0.114552945 -0.34687564 0.08763856
想要 -0.055067655 0.014217533 -0.04610511 -0.30258828 -0.09092809
一听 -0.09730571 0.051826254 -0.043024402 -0.24386235 0.059379037
能力 0.042673644 0.21062218 -0.05478708 -0.48337746 0.08801708
卡 0.0245876 0.008156821 -0.024899745 -0.19944072 0.030169751
旧金山 -0.109429985 0.1879945 -0.010871675 -0.19514185 0.040615182
帮忙 -0.09833587 0.0055123223 0.05193882 -0.28404164 0.09923686
18 -0.11202598 0.036844447 -0.108064875 -0.20383793 0.1018094
一共 -0.116080366 0.08862775 0.012707479 -0.4197468 0.073234364
感觉 0.036201786 0.08660487 -0.05336197 -0.26953027 -0.011105898
抓走 -0.0086129485 0.042716615 -0.035388898 -0.23247455 -0.019263456
出国 -0.094082825 0.0938129 -0.15780292 -0.49303 0.091994934
纪委 0.049827382 0.10806625 -0.0861663 -0.25611448 -0.06423515
亿 -0.0030921805 0.20940687 -0.119650856 -0.35831985 -0.018989217
绑架 0.026714006 0.0574473 -0.009013954 -0.42549062 -0.0798154
火冒三丈 -0.10742265 0.13949984 0.044846874 -0.16674419 0.07540833
死亡 0.014864724 0.034163322 0.038935076 -0.27057806 0.08737141
非洲 -0.028164959 0.15862498 -0.04929087 -0.51361203 0.043670274
想起 0.042563494 0.09024251 -0.13695766 -0.3861844 0.00034401598
孙海平 -0.041220978 0.026485162 -0.12686718 -0.30499172 0.09425005
分 0.027448751 0.1755079 -0.114063345 -0.19308117 0.0010166932
喝 0.017385239 0.09959759 -0.06518251 -0.28653672 0.10417433
听到 0.010472021 0.07961551 -0.12483278 -0.16588329 0.06373447
笑话 -0.0402361 0.16320838 -0.05079763 -0.2633248 -0.053553727
半子 0.07968918 0.13237377 -0.032394316 -0.17375055 0.096224435
眼前 0.0020129513 0.006221283 -0.1109975 -0.10321354 0.023181556
同志 -0.051212966 0.1565447 -0.12821732 -0.28717202 -0.046512924
一生 0.02041913 0.091535755 -0.050645232 -0.20695175 0.025996001
人生 -0.020504598 0.073842615 -0.1424776 -0.32324198 -0.046153314
利息 -0.05700965 0.057013955 -0.060047183 -0.3741559 0.066833764
钱秘书长 -0.11603285 0.1922074 0.05334902 -0.28252444 -0.04613129
利剑 0.04957357 0.09906801 0.015468584 -0.14418992 0.048375383
鸿门宴 -0.064113274 0.08698245 -0.04450873 -0.052992266 -0.01738156
王经理 -0.047405723 0.10199707 -0.057409395 -0.29056674 0.07151188
犯 0.07041957 0.04445293 -0.079976626 -0.23591949 -0.06322245
狙击手 -0.10313459 0.05736005 0.04683498 -0.35915458 0.004574805
船上 -0.050024197 0.03768119 -0.0536682 -0.20548074 0.10261012
干 0.049571555 0.057646614 0.039844655 -0.27058735 -0.05251692
芳芳 -0.07154498 0.10170047 -0.1268116 -0.34889674 0.024106452
审查 -0.036738828 0.09498313 -0.062096458 -0.20177898 -0.08147244
电视 0.02007495 0.0011890957 -0.012621122 -0.2594577 0.080723606
高小凤 -0.03443248 0.124293625 -0.0012795405 -0.32529244 -0.052333485
上帝 -0.1126706 0.23422228 -0.043807082 -0.45299283 0.061842643
